% Case saved by PowerWorld Simulator, version 19, build date May 26, 2016
function mpc = MasterCase
mpc.version = '2';
mpc.baseMVA =  100.00;

%% bus data 
mpc.bus = [
      1 2      0.00     0.00      0.00     0.00    1 1.0510128    -0.65728  345.00   1   1.100   0.980    26.33     0.00 0  0
      2 1     71.82    20.23      0.00     0.00    1 1.0464679    -8.73615  345.00   1   1.060   0.920    26.32     0.40 0  0
      3 2      0.00     0.00      0.00     0.00    1 1.0200000    -1.97240  138.00   1   1.100   0.980    26.43     0.00 0  0
      4 1     53.55    13.18      0.00     0.00    1 1.0272511    -8.07210  138.00   1   1.060   0.920    30.29     0.05 0  0
      5 1     58.09    21.02      0.00     0.00    1 1.0155988    -5.30173  230.00   1   1.060   0.920    30.44     0.03 0  0
      6 1     52.80    16.91      0.00     0.00    1 1.0173712    -3.56510  138.00   1   1.060   0.920    30.79     0.03 0  0
      7 2     85.05    33.00      0.00     0.00    1 1.0200000    -3.28104  138.00   1   1.100   0.980    30.44     0.00 0  0
      8 2     75.26    22.21      0.00     0.00    1 1.0200000    -2.32582  230.00   1   1.100   0.980    30.42     0.00 0  0
      9 1      0.00     0.00      0.00     0.00    1 1.0343660    -3.40503  345.00   1   1.060   0.920    30.42     0.00 0  0
     10 3     54.46    14.45      0.00     0.00    1 1.0200000     0.00000  138.00   1   1.100   0.980    30.92     0.00 0  0
     11 1      0.00     0.00      0.00     0.00    1 1.0197567    -0.63758  138.00   1   1.060   0.920    30.92     0.01 0  0
     12 1      1.63     0.49      0.00     0.00    1 1.0200546    -1.08568  138.00   1   1.060   0.920    30.92     0.02 0  0
     13 1      0.00     0.00      0.00     0.00    1 1.0217904    -2.21313  345.00   1   1.060   0.920    30.93     0.04 0  0
     14 1     73.19    21.41      0.00     0.00    1 1.0231534    -6.15031  230.00   1   1.060   0.920    30.93     0.13 0  0
     15 1     90.47    20.80      0.00     0.00    1 1.0173678    -7.86681  230.00   1   1.060   0.920    30.84     0.12 0  0
     16 1    109.54    25.45      0.00     0.00    1 1.0197366   -11.60711  138.00   1   1.060   0.920    30.88     0.12 0  0
     17 1     54.06    15.81      0.00     0.00    1 1.0119797   -12.55435  138.00   1   1.060   0.920    30.22     0.16 0  0
     18 1     63.09    16.03      0.00     0.00    1 1.0074155    -9.66478  138.00   1   1.060   0.920    28.19     0.70 0  0
     19 1     65.98    18.96      0.00     0.00    1 1.0205732   -10.11771  138.00   1   1.060   0.920    31.74     0.19 0  0
     20 1     63.52    18.62      0.00     0.00    1 1.0147304    -6.18912   69.00   1   1.060   0.920    31.74     0.09 0  0
     21 1     94.54    23.95      0.00     0.00    1 1.0187732   -13.36310  138.00   1   1.060   0.920    31.95     0.43 0  0
     22 1     83.69    25.21      0.00     0.00    1 1.0215099    -7.17485  230.00   1   1.060   0.920    29.37    -0.09 0  0
     23 1     61.09    16.85      0.00     0.00    1 1.0179429    -6.44317  230.00   1   1.060   0.920    28.63     0.03 0  0
     24 2     71.36    23.88      0.00     0.00    1 1.0200000    -7.90286  230.00   1   1.100   0.980    30.88     0.13 0  0
     25 1     49.63    11.67      0.00     0.00    1 1.0264220    -8.60506  230.00   1   1.060   0.920    53.91    -1.88 0  0
     26 2     60.12    16.05      0.00     0.00    1 1.0289473   -15.45019  345.00   1   1.100   0.980    28.79     0.00 0  0
     27 1     58.32    15.71      0.00     0.00    1 1.0268423   -15.88563  230.00   1   1.060   0.920    30.04    -0.00 0  0
     28 2    100.56    27.12      0.00     0.00    1 1.0200000    -8.38682  138.00   1   1.100   0.980    30.15     0.00 0  0
     29 1     59.75    15.74      0.00     0.00    1 1.0204548    -3.58245  138.00   1   1.060   0.920    30.09     0.00 0  0
     30 2      0.00     0.00      0.00     0.00    1 1.0322942    -7.77645   14.00   1   1.100   0.980    26.31     0.00 0  0
     31 2      0.00     0.00      0.00     0.00    1 1.0200000     0.63585   14.00   1   1.100   0.980    30.79     0.00 0  0
     32 2      0.00     0.00      0.00     0.00    1 1.0200000     2.86048   14.00   1   1.100   0.980    30.92     0.00 0  0
     33 2     88.35    22.67      0.00     0.00    1 1.0200000    -8.83160   14.00   1   1.100   0.980    31.71     0.17 0  0
     34 2     50.90    15.09      0.00     0.00    1 1.0200000    -2.01973   14.00   1   1.100   0.980    31.73     0.00 0  0
     35 2      0.00     0.00      0.00     0.00    1 1.0200000    -3.02871   14.00   1   1.100   0.980    29.38     0.00 0  0
     36 2      0.00     0.00      0.00     0.00    1 1.0200000    -3.08953   14.00   1   1.100   0.980    28.63     0.00 0  0
     37 2      0.00     0.00      0.00     0.00    1 1.0200000    -5.85837   14.00   1   1.100   0.980    53.97     0.00 0  0
     38 2      0.00     0.00      0.00     0.00    1 1.0200000    -0.72998   14.00   1   1.100   0.980    30.10     0.00 0  0
     39 1     56.00    16.57      0.00     0.00    1 1.0399795   -13.63423  345.00   1   1.060   0.920    27.71     0.35 0  0
     40 1     56.96    18.44      0.00     0.00    1 1.0265708   -16.34742  345.00   1   1.060   0.920    28.57     0.07 0  0
     41 1     75.27    19.30      0.00     0.00    1 1.0299241   -15.72979  345.00   1   1.060   0.920    29.99    -0.02 0  0
     42 1     83.93    23.75      0.00     0.00    1 1.0384276   -16.32705  345.00   1   1.060   0.920    29.13    -0.02 0  0
     43 1     75.27    22.18      0.00     0.00    1 1.0299810   -15.64470  345.00   1   1.060   0.920    28.58     0.07 0  0
     44 1     49.84    13.78      0.00     0.00    1 1.0193172    -4.02908  230.00   1   1.060   0.920    30.40     0.02 0  0
     45 1     75.75    19.22      0.00     0.00    1 1.0195984    -3.11931  345.00   1   1.060   0.920    30.38     0.00 0  0
     46 1     67.65    18.95      0.00     0.00    1 1.0097840    -7.33555  138.00   1   1.060   0.920    30.44     0.03 0  0
     47 1     59.76    17.11      0.00     0.00    1 1.0041719   -10.35253  138.00   1   1.060   0.920    30.43     0.04 0  0
     48 1     73.59    22.51      0.00     0.00    1 1.0202798    -8.37746  345.00   1   1.060   0.920    30.23     0.03 0  0
     49 2     44.62    14.82      0.00     0.00    1 1.0200000    -3.46992  138.00   1   1.100   0.980    30.39     0.00 0  0
     50 1     71.33    18.93      0.00    30.00    1 1.0207669    -6.70636  138.00   1   1.060   0.920    30.36     0.00 0  0
     51 1     58.06    19.48      0.00     0.00    1 1.0181196    -8.25938  138.00   1   1.060   0.920    30.42     0.01 0  0
     52 2     77.01    21.99      0.00     0.00    1 1.0200000    -2.30197  345.00   1   1.100   0.980    30.38     0.00 0  0
     53 1    117.15    29.09      0.00     0.00    1 1.0135346    -8.17286  138.00   1   1.060   0.920    30.44     0.02 0  0
     54 2     46.48    18.26      0.00     0.00    1 1.0200000    -1.87355  230.00   1   1.100   0.980    30.42     0.00 0  0
     55 1     72.91    19.22      0.00     0.00    1 1.0186370    -4.94047  230.00   1   1.060   0.920    30.43     0.04 0  0
     56 2     83.35    23.53      0.00     0.00    1 1.0200000    -6.00634  345.00   1   1.100   0.980    30.84     0.08 0  0
     57 1     40.46    12.90      0.00     0.00    1 1.0119245    -9.75666  138.00   1   1.060   0.920    30.51     0.03 0  0
     58 1     95.16    32.03      0.00     0.00    1 1.0135279    -6.55616  345.00   1   1.060   0.920    30.92     0.12 0  0
     59 1     56.19    20.11      0.00     0.00    1 1.0198422    -7.93243  345.00   1   1.060   0.920    30.84     0.11 0  0
     60 1     64.89    20.06      0.00     0.00    1 1.0168743   -10.07883  138.00   1   1.060   0.920    30.57     0.01 0  0
     61 1     78.77    24.81      0.00     0.00    1 1.0186755    -9.19535  230.00   1   1.060   0.920    30.85     0.15 0  0
     62 1     73.57    21.53      0.00     0.00    1 1.0097254    -7.15007  345.00   1   1.060   0.920    30.92     0.12 0  0
