% Case saved by PowerWorld Simulator, version 19, build date July 14, 2016
function mpc = Summer90_2
mpc.version = '2';
mpc.baseMVA =  100.00;

%% bus data 
mpc.bus = [
      1 2      0.00     0.00      0.00     0.00    1 1.0200000    -0.27558  345.00   1   1.060   1.000    27.96     0.00 0  0
      2 1    125.80    41.26      0.00     0.00    1 1.0042357   -23.49261  345.00   1   1.040   0.950    27.94     0.34 0  0
      3 2      0.00     0.00      0.00     0.00    1 1.0200000    -6.41685  138.00   1   1.060   1.000    26.44     0.00 0  0
      4 1    116.47    32.98      0.00     0.00    1 0.9565743   -19.18501  138.00   1   1.040   0.950    31.68     0.06 0  0
      5 1    132.84    47.26      0.00     0.00    1 0.9760977   -13.78746  230.00   1   1.040   0.950    31.81     0.03 0  0
      6 1    120.02    38.74      0.00     0.00    1 0.9940815    -8.29029  138.00   1   1.040   0.950    32.12     0.04 0  0
      7 2    200.46    69.72      0.00     0.00    1 1.0200001    -7.17638  138.00   1   1.060   1.000    31.81     0.00 0  0
      8 2    165.69    48.17      0.00     0.00    1 1.0200000    -8.52608  230.00   1   1.060   1.000    31.79     0.00 0  0
      9 1      0.00     0.00      0.00     0.00    1 1.0246325    -9.80861  345.00   1   1.040   0.950    31.79     0.00 0  0
     10 3    123.49    40.53      0.00     0.00    1 1.0200000     0.00000  138.00   1   1.060   1.000    32.26     0.00 0  0
     11 1      0.00     0.00      0.00     0.00    1 1.0137593    -1.60191  138.00   1   1.040   0.950    32.27     0.01 0  0
     12 1      3.69     1.36      0.00     0.00    1 1.0120322    -2.70211  138.00   1   1.040   0.950    32.27     0.02 0  0
     13 1      0.00     0.00      0.00     0.00    1 1.0107330    -5.50208  345.00   1   1.040   0.950    32.27     0.05 0  0
     14 1    161.43    54.60      0.00     0.00    1 0.9996938   -14.84501  230.00   1   1.040   0.950    32.26     0.13 0  0
     15 1    196.23    57.03      0.00     0.00    1 0.9809463   -18.00288  230.00   1   1.040   0.950    32.16     0.14 0  0
     16 1    226.81    62.26      0.00     0.00    1 0.9848230   -26.26031  138.00   1   1.040   0.950    32.18     0.20 0  0
     17 1    120.86    32.63      0.00     0.00    1 0.9484674   -28.86030  138.00   1   1.040   0.950    31.32     0.27 0  0
     18 1    138.25    41.53      0.00     0.00    1 0.9350474   -23.42391  138.00   1   1.040   0.950    28.73     0.97 0  0
     19 1    143.29    36.68      0.00     0.00    1 0.9700300   -35.03746  138.00   1   1.040   0.950    33.27     0.21 0  0
     20 1    139.71    38.00      0.00     0.00    1 0.9910314   -33.64951   69.00   1   1.040   0.950    33.26     0.10 0  0
     21 1    199.21    51.94      0.00     0.00    1 0.9494530   -34.79646  138.00   1   1.040   0.950    33.37     0.44 0  0
     22 1    178.29    50.83      0.00     0.00    1 0.9723736   -21.43116  230.00   1   1.040   0.950    29.35    -0.16 0  0
     23 1    134.32    43.91      0.00     0.00    1 0.9872155   -17.59271  230.00   1   1.040   0.950    28.72     0.02 0  0
     24 2    163.83    56.35      0.00     0.00    1 1.0113165   -19.71100  230.00   1   1.060   1.000    32.10     0.12 0  0
     25 1     86.93    27.99      0.00     0.00    1 0.9884290   -30.87283  230.00   1   1.040   0.950    53.69    -1.68 0  0
     26 2    105.21    29.56      0.00     0.00    1 1.0200000   -34.58153  345.00   1   1.060   1.000    29.89     0.00 0  0
     27 1    132.77    42.44      0.00     0.00    1 0.9606768   -38.87075  230.00   1   1.040   0.950    30.99     0.10 0  0
     28 2    166.57    53.95      0.00     0.00    1 1.0200000   -19.15731  138.00   1   1.060   1.000    30.81     0.00 0  0
     29 1    102.46    33.02      0.00     0.00    1 1.0056183   -14.18213  138.00   1   1.040   0.950    30.80     0.00 0  0
     30 2      0.00     0.00      0.00     0.00    1 1.0200000   -21.87757   14.00   1   1.060   1.000    27.93     0.00 0  0
     31 2      0.00     0.00      0.00     0.00    1 1.0200000     1.07855   14.00   1   1.060   1.000    32.12     0.00 0  0
     32 2      0.00     0.00      0.00     0.00    1 1.0200000     7.54447   14.00   1   1.060   1.000    32.26     0.00 0  0
     33 2    185.97    45.87      0.00     0.00    1 1.0176612   -31.23014   14.00   1   1.060   1.000    33.24     0.19 0  0
     34 2    114.38    35.19      0.00     0.00    1 1.0200000   -31.08497   14.00   1   1.060   1.000    33.25     0.00 0  0
     35 2      0.00     0.00      0.00     0.00    1 1.0200000   -12.79190   14.00   1   1.060   1.000    29.37     0.00 0  0
     36 2      0.00     0.00      0.00     0.00    1 1.0200000    -8.52068   14.00   1   1.060   1.000    28.74     0.00 0  0
     37 2      0.00     0.00      0.00     0.00    1 1.0200000   -29.20866   14.00   1   1.060   1.000    53.75     0.00 0  0
     38 2      0.00     0.00      0.00     0.00    1 1.0200000    -8.54450   14.00   1   1.060   1.000    30.82     0.00 0  0
     39 1     99.53    31.43      0.00     0.00    1 1.0034654   -31.83387  345.00   1   1.040   0.950    29.02     0.26 0  0
     40 1    100.07    29.37      0.00     0.00    1 1.0043107   -36.29953  345.00   1   1.040   0.950    29.71     0.05 0  0
     41 1    130.19    39.28      0.00     0.00    1 0.9668829   -37.48791  345.00   1   1.040   0.950    30.96     0.08 0  0
     42 1    144.64    44.04      0.00     0.00    1 1.0124591   -34.72099  345.00   1   1.040   0.950    30.10    -0.02 0  0
     43 1    133.63    41.62      0.00     0.00    1 1.0121539   -35.02949  345.00   1   1.040   0.950    29.72     0.05 0  0
     44 1    114.55    38.19      0.00     0.00    1 1.0047220    -8.89033  230.00   1   1.040   0.950    31.77     0.02 0  0
     45 1    167.52    54.54      0.00     0.00    1 1.0105141    -6.85407  345.00   1   1.040   0.950    31.76     0.01 0  0
     46 1    150.20    45.90      0.00     0.00    1 0.9522694   -18.72898  138.00   1   1.040   0.950    31.81     0.04 0  0
     47 1    134.35    38.33      0.00    60.00    1 0.9347474   -26.21847  138.00   1   1.040   0.950    31.81     0.05 0  0
     48 1    162.42    46.33      0.00     0.00    1 0.9464658   -19.82115  345.00   1   1.040   0.950    31.63     0.04 0  0
     49 2    104.15    33.19      0.00     0.00    1 1.0200000    -6.63249  138.00   1   1.060   1.000    31.77     0.00 0  0
     50 1    157.97    45.09      0.00     0.00    1 0.9634471   -14.63394  138.00   1   1.040   0.950    31.74     0.01 0  0
     51 1    130.98    45.57      0.00     0.00    1 0.9820994   -19.13510  138.00   1   1.040   0.950    31.79     0.02 0  0
     52 2    169.47    55.05      0.00     0.00    1 1.0200000    -4.99256  345.00   1   1.060   1.000    31.76     0.00 0  0
     53 1    249.85    77.39      0.00     0.00    1 0.9638254   -19.18142  138.00   1   1.040   0.950    31.81     0.02 0  0
     54 2    110.80    39.77      0.00     0.00    1 1.0200000    -7.30436  230.00   1   1.060   1.000    31.79     0.00 0  0
     55 1    161.13    48.00      0.00     0.00    1 0.9969414   -10.80341  230.00   1   1.040   0.950    31.80     0.04 0  0
     56 2    182.63    53.88      0.00     0.00    1 1.0167632   -13.47726  345.00   1   1.060   1.000    32.16     0.10 0  0
     57 1     96.26    32.04      0.00    10.00    1 0.9411859   -23.51770  138.00   1   1.040   0.950    31.88     0.03 0  0
     58 1    205.60    63.93      0.00     0.00    1 0.9840162   -15.29156  345.00   1   1.040   0.950    32.25     0.13 0  0
     59 1    127.13    40.08      0.00     0.00    1 0.9958116   -17.96257  345.00   1   1.040   0.950    32.15     0.13 0  0
     60 1    145.29    46.01      0.00    50.00    1 0.9387491   -24.16571  138.00   1   1.040   0.950    31.93     0.03 0  0
     61 1    173.42    50.53      0.00     0.00    1 0.9840443   -20.80103  230.00   1   1.040   0.950    32.17     0.18 0  0
     62 1    161.96    55.92      0.00     0.00    1 0.9725700   -16.66799  345.00   1   1.040   0.950    32.26     0.13 0  0
